  -6.0000000       2.5290000    
  -5.8800001       2.5230680    
  -5.7600002       2.5162601    
  -5.6399999       2.5077014    
  -5.5200000       2.4965160    
  -5.4000001       2.4818285    
  -5.2800002       2.4627633    
  -5.1599998       2.4384451    
  -5.0400000       2.4079981    
  -4.9200001       2.3705468    
  -4.8000002       2.3252158    
  -4.6799998       2.2711294    
  -4.5599999       2.2074125    
  -4.4400001       2.1331892    
  -4.3200002       2.0475838    
  -4.1999998       1.9497209    
  -4.0799999       1.8387253    
  -3.9600000       1.7167083    
  -3.8400002       1.5868664    
  -3.7200000       1.4451715    
  -3.6000001       1.2936789    
  -3.4800000       1.1344426    
  -3.3600001      0.96951795    
  -3.2400000      0.80095893    
  -3.1200001      0.63082081    
  -3.0000000      0.46115762    
  -2.8800001      0.29402459    
  -2.7600000      0.13147572    
  -2.6400001     -2.44336817E-02
  -2.5200000     -0.17164961    
  -2.4000001     -0.30811682    
  -2.2800000     -0.43178123    
  -2.1600001     -0.54058772    
  -2.0400002     -0.63248193    
  -1.9200001     -0.70246565    
  -1.8000001     -0.75202346    
  -1.6800001     -0.78382164    
  -1.5600001     -0.79899538    
  -1.4400001     -0.79868007    
  -1.3200001     -0.78401101    
  -1.2000000     -0.75612348    
  -1.0800002     -0.71615285    
 -0.96000010     -0.66523427    
 -0.84000009     -0.60450321    
 -0.72000015     -0.53509492    
 -0.60000014     -0.45814463    
 -0.48000014     -0.37478775    
 -0.36000013     -0.28615955    
 -0.24000013     -0.19339532    
 -0.12000013     -9.76303890E-02
 -1.34110451E-07 -5.01252053E-08
  0.11999986      0.11094992    
  0.23999986      0.22160840    
  0.35999987      0.33095366    
  0.47999984      0.43796396    
  0.59999985      0.54161775    
  0.71999985      0.64089328    
  0.83999985      0.73476887    
  0.95999986      0.82222295    
   1.0799998      0.90223372    
   1.1999998      0.97377962    
   1.3199998       1.0358390    
   1.4399998       1.0873901    
   1.5599998       1.1274112    
   1.6799998       1.1548808    
   1.7999998       1.1687771    
   1.9199998       1.1680785    
   2.0399997       1.1482726    
   2.1599998       1.1061080    
   2.2799997       1.0508242    
   2.3999999      0.98480499    
   2.5199997      0.91043448    
   2.6399999      0.83009619    
   2.7599998      0.74617434    
   2.8799999      0.66105247    
   2.9999998      0.57711482    
   3.1199999      0.49674490    
   3.2399998      0.42232686    
   3.3599999      0.35624436    
   3.4799998      0.30088148    
   3.5999999      0.25862187    
   3.7199998      0.23184960    
   3.8399997      0.22294842    
   3.9599998      0.23430221    
   4.0799999      0.23046730    
   4.1999998      0.23028484    
   4.3199997      0.25119248    
   4.4399996      0.29178423    
   4.5599999      0.35065430    
   4.6799998      0.42639628    
   4.7999997      0.51760435    
   4.9199996      0.62287247    
   5.0400000      0.74079520    
   5.1599998      0.86996549    
   5.2799997       1.0089778    
   5.3999996       1.1564262    
   5.5199995       1.3109046    
   5.6399999       1.4710077    
   5.7599998       1.6353283    
   5.8799996       1.8024608    
   5.9999995       1.9709994    
