  -6.0000000       2.5290000    
  -5.9000001       2.7509420    
  -5.8000002       2.9285390    
  -5.7000003       3.0651419    
  -5.6000004       3.1639695    
  -5.5000005       3.2281103    
  -5.4000006       3.2605250    
  -5.3000007       3.2640495    
  -5.2000008       3.2413964    
  -5.1000009       3.1951571    
  -5.0000010       3.1278052    
  -4.9000010       3.0416975    
  -4.8000011       2.9390769    
  -4.7000012       2.8220747    
  -4.6000013       2.6927128    
  -4.5000014       2.5529060    
  -4.4000015       2.4044642    
  -4.3000016       2.2490947    
  -4.2000017       2.0884047    
  -4.1000018       1.9239031    
  -4.0000019       1.7570032    
  -3.9000020       1.5890248    
  -3.8000021       1.4211965    
  -3.7000022       1.2546583    
  -3.6000023       1.0904633    
  -3.5000024      0.92958033    
  -3.4000025      0.77289581    
  -3.3000026      0.62121713    
  -3.2000027      0.47527385    
  -3.1000028      0.33571982    
  -3.0000029      0.20313644    
  -2.9000030      7.80346394E-02
  -2.8000031     -3.91430855E-02
  -2.7000031     -0.14802146    
  -2.6000032     -0.24828696    
  -2.5000033     -0.33968973    
  -2.4000034     -0.42203760    
  -2.3000035     -0.49519634    
  -2.2000036     -0.55908608    
  -2.1000037     -0.61367917    
  -2.0000038     -0.65899849    
  -1.9000038     -0.69511414    
  -1.8000038     -0.72214317    
  -1.7000037     -0.74024463    
  -1.6000037     -0.74961877    
  -1.5000037     -0.75050473    
  -1.4000037     -0.74317884    
  -1.3000036     -0.72795033    
  -1.2000036     -0.70516109    
  -1.1000036     -0.67518377    
  -1.0000036     -0.63841534    
 -0.90000355     -0.59528112    
 -0.80000353     -0.54622698    
 -0.70000350     -0.49172020    
 -0.60000348     -0.43224692    
 -0.50000346     -0.36830759    
 -0.40000346     -0.30041742    
 -0.30000347     -0.22910309    
 -0.20000347     -0.15490031    
 -0.10000347     -7.83512592E-02
 -3.47197056E-06 -2.62260437E-06
  9.99965295E-02  7.95948505E-02
  0.19999653      0.15989399    
  0.29999653      0.24034739    
  0.39999652      0.32041192    
  0.49999651      0.39955258    
  0.59999651      0.47724104    
  0.69999653      0.55296588    
  0.79999655      0.62622201    
  0.89999658      0.69652641    
  0.99999660      0.76341093    
   1.0999966      0.82642972    
   1.1999966      0.88515830    
   1.2999966      0.93919742    
   1.3999966      0.98817587    
   1.4999967       1.0317532    
   1.5999967       1.0696179    
   1.6999967       1.1014942    
   1.7999967       1.1271436    
   1.8999968       1.1463647    
   1.9999968       1.1589993    
   2.0999968       1.1649307    
   2.1999967       1.1640886    
   2.2999966       1.1564474    
   2.3999965       1.1420399    
   2.4999964       1.1209440    
   2.5999963       1.0932897    
   2.6999962       1.0592753    
   2.7999961       1.0191475    
   2.8999960      0.97321904    
   2.9999959      0.92186832    
   3.0999959      0.86553669    
   3.1999958      0.80473030    
   3.2999957      0.74003768    
   3.3999956      0.67211056    
   3.4999955      0.60167730    
   3.5999954      0.52954519    
   3.6999953      0.45660067    
   3.7999952      0.38380980    
   3.8999951      0.31222987    
   3.9999950      0.24300170    
   4.0999951      0.17734957    
   4.1999950      0.11660051    
   4.2999949      6.21576309E-02
   4.3999949      1.55384541E-02
   4.4999948     -2.16546059E-02
   4.5999947     -4.77113724E-02
   4.6999946     -6.08224869E-02
   4.7999945     -5.90765476E-02
   4.8999944     -4.04479504E-02
   4.9999943     -2.81214714E-03
   5.0999942      5.60879707E-02
   5.1999941      0.13859630    
   5.2999940      0.24719357    
   5.3999939      0.38446355    
   5.4999938      0.55312812    
   5.5999937      0.75601017    
   5.6999936      0.99609172    
   5.7999935       1.2764388    
   5.8999934       1.6002809    
   5.9999933       1.9709690    
