  -6.0000000       2.5290000    
  -5.8800001       2.7898998    
  -5.7600002       2.9879162    
  -5.6399999       3.1287715    
  -5.5200000       3.2179134    
  -5.4000001       3.2605252    
  -5.2800002       3.2615285    
  -5.1599998       3.2255895    
  -5.0400000       3.1571255    
  -4.9200001       3.0603094    
  -4.8000002       2.9390757    
  -4.6799998       2.7971263    
  -4.5599999       2.6379378    
  -4.4400001       2.4647634    
  -4.3200002       2.2806420    
  -4.1999998       2.0884016    
  -4.0799999       1.8906682    
  -3.9600000       1.6898673    
  -3.8399999       1.4882313    
  -3.7200000       1.2878075    
  -3.5999999       1.0904595    
  -3.4800000      0.89787674    
  -3.3599999      0.71157718    
  -3.2400000      0.53291571    
  -3.1199999      0.36308646    
  -3.0000000      0.20313287    
  -2.8800001      5.39488792E-02
  -2.7600000     -8.37125778E-02
  -2.6400001     -0.20923471    
  -2.5200000     -0.32213140    
  -2.4000001     -0.42204022    
  -2.2800000     -0.50871992    
  -2.1600001     -0.58204055    
  -2.0400000     -0.64198160    
  -1.9200000     -0.68862367    
  -1.8000000     -0.72214413    
  -1.6799999     -0.74281073    
  -1.5599999     -0.75097704    
  -1.4400001     -0.74707484    
  -1.3200001     -0.73161173    
  -1.2000000     -0.70516038    
  -1.0800000     -0.66835880    
 -0.95999998     -0.62189937    
 -0.83999997     -0.56652784    
 -0.72000003     -0.50303268    
 -0.60000002     -0.43224478    
 -0.47999999     -0.35502601    
 -0.36000001     -0.27226996    
 -0.23999999     -0.18489122    
 -0.12000000     -9.38198566E-02
   0.0000000     -2.38418579E-07
  0.12000000      9.56196785E-02
  0.23999999      0.19209099    
  0.36000001      0.28846979    
  0.47999999      0.38382602    
  0.60000002      0.47724485    
  0.72000003      0.56783259    
  0.83999997      0.65472782    
  0.95999998      0.73709905    
   1.0800000      0.81415844    
   1.2000000      0.88515961    
   1.3200001      0.94941127    
   1.4400001       1.0062757    
   1.5599999       1.0551770    
   1.6799999       1.0956111    
   1.8000000       1.1271446    
   1.9200000       1.1494236    
   2.0400000       1.1621821    
   2.1600001       1.1652403    
   2.2800000       1.1585191    
   2.4000001       1.1420395    
   2.5200000       1.1159312    
   2.6400001       1.0804344    
   2.7600000       1.0359119    
   2.8800001      0.98285091    
   3.0000000      0.92186594    
   3.1199999      0.85371220    
   3.2400000      0.77928364    
   3.3599999      0.69962084    
   3.4800000      0.61592400    
   3.5999999      0.52953994    
   3.7200000      0.44199109    
   3.8399999      0.35496783    
   3.9600000      0.27033234    
   4.0799999      0.19013119    
   4.1999998      0.11659622    
   4.3200002      5.21574020E-02
   4.4400001     -5.66005707E-04
   4.5599999     -3.87358665E-02
   4.6799998     -5.93266487E-02
   4.8000002     -5.90775013E-02
   4.9200001     -3.45120430E-02
   5.0400000      1.80714130E-02
   5.1599998      0.10260773    
   5.2800002      0.22326875    
   5.4000001      0.38447261    
   5.5200000      0.59088552    
   5.6399999      0.84742248    
   5.7600002       1.1592796    
   5.8800001       1.5319006    
   6.0000000       1.9709961    
