          10   205.84192    
          20   136.19225    
          40   142.88747    
          80   66.072220    
         160   45.403976    
         320   101.84184    
         640   69.795944    
        1280   85.854370    
        2560   90.919029    
        5120   79.980225    
       10240   78.729431    
       20480   79.644768    
       40960   81.522530    
       81920   80.321442    
      163840   82.227867    
      327680   81.487663    
      655360   81.656212    
     1310720   81.349686    
     2621440   81.480927    
     5242880   81.575539    
